20 400 8 5 9
0 0 9
0 1 9
0 3 9
0 4 9
0 6 9
0 7 5
0 9 9
0 10 5
0 12 5
0 13 9
0 15 5
0 16 5
0 18 9
0 19 5
1 1 5
1 2 9
1 4 9
1 5 5
1 7 5
1 8 5
1 10 9
1 11 9
1 13 5
1 14 5
1 16 9
1 17 9
1 19 9
2 0 5
2 2 9
2 3 9
2 5 5
2 6 9
2 8 9
2 9 9
2 11 5
2 12 9
2 14 5
2 15 5
2 17 9
2 18 5
3 0 9
3 1 9
3 3 9
3 4 5
3 6 9
3 7 9
3 9 5
3 10 5
3 12 5
3 13 5
3 15 9
3 16 5
3 18 5
3 19 9
4 1 9
4 2 5
4 4 9
4 5 9
4 7 9
4 8 9
4 10 5
4 11 9
4 13 5
4 14 5
4 16 9
4 17 9
4 19 9
5 0 5
5 2 5
5 3 5
5 5 9
5 6 9
5 8 5
5 9 5
5 11 9
5 12 5
5 14 9
5 15 5
5 17 5
5 18 9
6 0 5
6 1 5
6 3 9
6 4 9
6 6 5
6 7 5
6 9 5
6 10 9
6 12 9
6 13 5
6 15 9
6 16 5
6 18 5
6 19 9
7 1 5
7 2 5
7 4 5
7 5 9
7 7 5
7 8 5
7 10 5
7 11 5
7 13 9
7 14 5
7 16 5
7 17 5
7 19 9
8 0 5
8 2 9
8 3 5
8 5 9
8 6 9
8 8 9
8 9 5
8 11 9
8 12 9
8 14 9
8 15 5
8 17 5
8 18 9
9 0 5
9 1 5
9 3 9
9 4 9
9 6 9
9 7 9
9 9 9
9 10 5
9 12 5
9 13 9
9 15 9
9 16 5
9 18 9
9 19 5
10 1 9
10 2 9
10 4 9
10 5 9
10 7 5
10 8 9
10 10 9
10 11 5
10 13 9
10 14 9
10 16 5
10 17 9
10 19 5
11 0 9
11 2 5
11 3 9
11 5 9
11 6 5
11 8 9
11 9 5
11 11 5
11 12 9
11 14 5
11 15 5
11 17 5
11 18 5
12 0 5
12 1 9
12 3 9
12 4 9
12 6 9
12 7 9
12 9 9
12 10 5
12 12 9
12 13 5
12 15 5
12 16 9
12 18 9
12 19 9
13 1 9
13 2 9
13 4 5
13 5 5
13 7 9
13 8 5
13 10 5
13 11 9
13 13 5
13 14 5
13 16 9
13 17 5
13 19 5
14 0 5
14 2 5
14 3 5
14 5 9
14 6 5
14 8 5
14 9 9
14 11 5
14 12 9
14 14 5
14 15 9
14 17 5
14 18 9
15 0 9
15 1 5
15 3 9
15 4 9
15 6 9
15 7 5
15 9 5
15 10 9
15 12 5
15 13 5
15 15 5
15 16 9
15 18 5
15 19 9
16 1 5
16 2 9
16 4 5
16 5 9
16 7 5
16 8 9
16 10 9
16 11 5
16 13 9
16 14 5
16 16 9
16 17 9
16 19 5
17 0 5
17 2 5
17 3 5
17 5 5
17 6 5
17 8 9
17 9 5
17 11 5
17 12 5
17 14 9
17 15 9
17 17 5
17 18 9
18 0 5
18 1 9
18 3 5
18 4 9
18 6 5
18 7 9
18 9 9
18 10 5
18 12 9
18 13 9
18 15 9
18 16 9
18 18 5
18 19 9
19 1 9
19 2 5
19 4 9
19 5 9
19 7 5
19 8 5
19 10 5
19 11 5
19 13 5
19 14 5
19 16 9
19 17 9
19 19 9
